%YAML:1.0
cameraMatrix: !!opencv-matrix
   rows: 3
   cols: 3
   dt: d
   data: [ 9.6427167738881890e+03, 0., 2.6655794957312155e+03, 0.,
       9.8910209494793980e+03, 2.6013926343813778e+03, 0., 0., 1. ]
imageSize_width: 4096
imageSize_height: 4096
sensorSize_width: 0
sensorSize_height: 0
distCoeffs: !!opencv-matrix
   rows: 5
   cols: 1
   dt: d
   data: [ 1.7432992914274754e+00, -2.3784153889691176e+01,
       2.6190325979013340e-02, 2.6952768472851295e-02,
       1.1041735259938545e+02 ]
totalReprojectionError: 3.6401984691619873e+00
features:
   - { points:[ 1000., 1000., 1400., 1000., 1800., 1000., 1200., 1200.,
       1600., 1200., 2000., 1200., 1000., 1400., 1400., 1400., 1800.,
       1400., 1200., 1600., 1600., 1600., 2000., 1600., 1000., 1800.,
       1400., 1800., 1800., 1800. ] }
   - { points:[ 1000., 1000., 1400., 1000., 1800., 1000., 1200., 1200.,
       1600., 1200., 2000., 1200., 1000., 1400., 1400., 1400., 1800.,
       1400., 1200., 1600., 1600., 1600., 2000., 1600., 1000., 1800.,
       1400., 1800., 1800., 1800. ] }
   - { points:[ 1000., 1000., 1400., 1000., 1800., 1000., 1200., 1200.,
       1600., 1200., 2000., 1200., 1000., 1400., 1400., 1400., 1800.,
       1400., 1200., 1600., 1600., 1600., 2000., 1600., 1000., 1800.,
       1400., 1800., 1800., 1800. ] }
   - { points:[ 1000., 1000., 1400., 1000., 1800., 1000., 1200., 1200.,
       1600., 1200., 2000., 1200., 1000., 1400., 1400., 1400., 1800.,
       1400., 1200., 1600., 1600., 1600., 2000., 1600., 1000., 1800.,
       1400., 1800., 1800., 1800. ] }
   - { points:[ 1.3136060791015625e+03, 2.4416025390625000e+03,
       1.2160607910156250e+03, 1.9270026855468750e+03,
       1.1144320068359375e+03, 1.4164473876953125e+03,
       1.4747287597656250e+03, 2.1263393554687500e+03,
       1.3711632080078125e+03, 1.6077957763671875e+03,
       1.2667288818359375e+03, 1.0859338378906250e+03,
       1.7403305664062500e+03, 2.3338737792968750e+03,
       1.6362568359375000e+03, 1.8062053222656250e+03,
       1.5290788574218750e+03, 1.2761330566406250e+03,
       1.9086356201171875e+03, 2.0112733154296875e+03,
       1.8010139160156250e+03, 1.4743010253906250e+03,
       1.6937322998046875e+03, 9.2681695556640625e+02,
       2.1908466796875000e+03, 2.2253881835937500e+03,
       2.0814938964843750e+03, 1.6785866699218750e+03,
       1.9735239257812500e+03, 1.1233930664062500e+03 ] }
   - { points:[ 1.4814543457031250e+03, 2.2680380859375000e+03,
       1.4447390136718750e+03, 1.8920131835937500e+03,
       1.4066154785156250e+03, 1.5159266357421875e+03,
       1.6511287841796875e+03, 2.0579357910156250e+03,
       1.6132888183593750e+03, 1.6849763183593750e+03,
       1.5753078613281250e+03, 1.3097860107421875e+03,
       1.8535046386718750e+03, 2.2218100585937500e+03,
       1.8164798583984375e+03, 1.8519437255859375e+03,
       1.7788035888671875e+03, 1.4798643798828125e+03,
       2.0159792480468750e+03, 2.0164733886718750e+03,
       1.9791585693359375e+03, 1.6479212646484375e+03,
       1.9428562011718750e+03, 1.2752657470703125e+03,
       2.2125854492187500e+03, 2.1790727539062500e+03,
       2.1763442382812500e+03, 1.8133707275390625e+03,
       2.1408906250000000e+03, 1.4441823730468750e+03 ] }
   - { points:[ 2.1495246582031250e+03, 2.2752507324218750e+03,
       2.0808906250000000e+03, 1.8999505615234375e+03,
       2.0115467529296875e+03, 1.5177747802734375e+03,
       2.2906254882812500e+03, 2.0571503906250000e+03,
       2.2226057128906250e+03, 1.6747257080078125e+03,
       2.1547983398437500e+03, 1.2822026367187500e+03,
       2.5048564453125000e+03, 2.2174311523437500e+03,
       2.4366794433593750e+03, 1.8328737792968750e+03,
       2.3703334960937500e+03, 1.4404274902343750e+03,
       2.6560546875000000e+03, 1.9933657226562500e+03,
       2.5897766113281250e+03, 1.5997080078125000e+03,
       2.5259274902343750e+03, 1.1953804931640625e+03,
       2.8837995605468750e+03, 2.1581691894531250e+03,
       2.8154389648437500e+03, 1.7608598632812500e+03,
       2.7518115234375000e+03, 1.3556083984375000e+03 ] }
   - { points:[ 2.4933112792968750e+03, 2.5517465820312500e+03,
       2.0070446777343750e+03, 2.4956687011718750e+03,
       1.5072122802734375e+03, 2.4351713867187500e+03,
       2.2811025390625000e+03, 2.2768920898437500e+03,
       1.7888574218750000e+03, 2.2159582519531250e+03,
       1.2838017578125000e+03, 2.1509194335937500e+03,
       2.5495905761718750e+03, 2.0598247070312500e+03,
       2.0654934082031250e+03, 1.9982559814453125e+03,
       1.5679421386718750e+03, 1.9328282470703125e+03,
       2.3366901855468750e+03, 1.7825072021484375e+03,
       1.8469381103515625e+03, 1.7164487304687500e+03,
       1.3444403076171875e+03, 1.6468156738281250e+03,
       2.6021489257812500e+03, 1.5690192871093750e+03,
       2.1206486816406250e+03, 1.5022147216796875e+03,
       1.6258605957031250e+03, 1.4319754638671875e+03 ] }
   - { points:[ 2.3113649902343750e+03, 2.3422541503906250e+03,
       1.8079056396484375e+03, 2.3873540039062500e+03,
       1.3076468505859375e+03, 2.4233674316406250e+03,
       2.0477297363281250e+03, 2.1093540039062500e+03,
       1.5452268066406250e+03, 2.1523818359375000e+03,
       1.0492418212890625e+03, 2.1883752441406250e+03,
       2.2855373535156250e+03, 1.8298552246093750e+03,
       1.7844257812500000e+03, 1.8740134277343750e+03,
       1.2840241699218750e+03, 1.9177408447265625e+03,
       2.0199278564453125e+03, 1.5977054443359375e+03,
       1.5233188476562500e+03, 1.6423386230468750e+03,
       1.0257816162109375e+03, 1.6841090087890625e+03,
       2.2561428222656250e+03, 1.3190465087890625e+03,
       1.7584162597656250e+03, 1.3677374267578125e+03,
       1.2611929931640625e+03, 1.4106784667968750e+03 ] }
   - { points:[ 2.0343562011718750e+03, 1.7751317138671875e+03,
       1.9474930419921875e+03, 2.1327543945312500e+03,
       1.8592601318359375e+03, 2.4891108398437500e+03,
       1.8151651611328125e+03, 1.9101602783203125e+03,
       1.7270897216796875e+03, 2.2684648437500000e+03,
       1.6388312988281250e+03, 2.6224624023437500e+03,
       1.6813105468750000e+03, 1.6858939208984375e+03,
       1.5936696777343750e+03, 2.0455653076171875e+03,
       1.5051116943359375e+03, 2.4034648437500000e+03,
       1.4586013183593750e+03, 1.8208410644531250e+03,
       1.3703062744140625e+03, 2.1808510742187500e+03,
       1.2842856445312500e+03, 2.5348632812500000e+03,
       1.3217210693359375e+03, 1.5938424072265625e+03,
       1.2342104492187500e+03, 1.9558291015625000e+03,
       1.1480214843750000e+03, 2.3138557128906250e+03 ] }
   - { points:[ 3.1721223144531250e+03, 1.4021403808593750e+03,
       3.0862395019531250e+03, 1.7501361083984375e+03,
       3.0163002929687500e+03, 2.0893303222656250e+03,
       2.9529572753906250e+03, 1.5562239990234375e+03,
       2.8817102050781250e+03, 1.8980690917968750e+03,
       2.8121687011718750e+03, 2.2326196289062500e+03,
       2.8258117675781250e+03, 1.3584400634765625e+03,
       2.7575415039062500e+03, 1.7072052001953125e+03,
       2.6868193359375000e+03, 2.0475738525390625e+03,
       2.6294875488281250e+03, 1.5103890380859375e+03,
       2.5607895507812500e+03, 1.8587065429687500e+03,
       2.4904042968750000e+03, 2.1972343750000000e+03,
       2.4957905273437500e+03, 1.3078664550781250e+03,
       2.4280910644531250e+03, 1.6630606689453125e+03,
       2.3604721679687500e+03, 2.0097298583984375e+03 ] }
   - { points:[ 2.5529687500000000e+03, 8.0268786621093750e+02,
       2.5441604003906250e+03, 1.1330422363281250e+03,
       2.5346879882812500e+03, 1.4578367919921875e+03,
       2.3929929199218750e+03, 9.6495605468750000e+02,
       2.3849899902343750e+03, 1.2935539550781250e+03,
       2.3759980468750000e+03, 1.6172790527343750e+03,
       2.2391025390625000e+03, 7.9385345458984375e+02,
       2.2324064941406250e+03, 1.1265440673828125e+03,
       2.2248850097656250e+03, 1.4539100341796875e+03,
       2.0771730957031250e+03, 9.5678643798828125e+02,
