%YAML:1.0
cameraMatrix: !!opencv-matrix
   rows: 3
   cols: 3
   dt: d
   data: [ 6.3735624924842227e+02, 0., 3.0118906248732958e+02, 0.,
       6.3427070299497223e+02, 2.3008738747620134e+02, 0., 0., 1. ]
imageSize_width: 640
imageSize_height: 480
sensorSize_width: 0
sensorSize_height: 0
distCoeffs: !!opencv-matrix
   rows: 5
   cols: 1
   dt: d
   data: [ -6.8274449318183800e-02, 4.9402793757973207e-01,
       7.0464500566510763e-03, 5.2025285363069482e-03,
       -1.1023514814469264e+00 ]
totalReprojectionError: 2.6085001230239868e-01
features:
   - { points:[ 2.0904431152343750e+02, 2.7858148193359375e+02,
       2.3887110900878906e+02, 2.7403396606445312e+02,
       2.6843899536132812e+02, 2.6963943481445312e+02,
       2.9824020385742188e+02, 2.6544796752929688e+02,
       3.2780392456054688e+02, 2.6106546020507812e+02,
       3.5734515380859375e+02, 2.5686508178710938e+02,
       3.8739114379882812e+02, 2.5256256103515625e+02,
       4.1671057128906250e+02, 2.4816632080078125e+02,
       2.1013618469238281e+02, 3.0362786865234375e+02,
       2.4102507019042969e+02, 2.9905960083007812e+02,
       2.7109152221679688e+02, 2.9465118408203125e+02,
       3.0226947021484375e+02, 2.9053585815429688e+02,
       3.3280728149414062e+02, 2.8560552978515625e+02,
       3.6345468139648438e+02, 2.8087756347656250e+02,
       3.9381951904296875e+02, 2.7685134887695312e+02,
       4.2425439453125000e+02, 2.7235009765625000e+02,
       2.1113327026367188e+02, 3.3086672973632812e+02,
       2.4289752197265625e+02, 3.2582595825195312e+02,
       2.7484402465820312e+02, 3.2162326049804688e+02,
       3.0656829833984375e+02, 3.1700186157226562e+02,
       3.3771054077148438e+02, 3.1177441406250000e+02,
       3.6932623291015625e+02, 3.0733447265625000e+02,
       4.0097567749023438e+02, 3.0284399414062500e+02,
       4.3229666137695312e+02, 2.9791729736328125e+02,
       2.1275050354003906e+02, 3.5948822021484375e+02,
       2.4527214050292969e+02, 3.5450683593750000e+02,
       2.7851647949218750e+02, 3.4993463134765625e+02,
       3.1089093017578125e+02, 3.4514974975585938e+02,
       3.4310348510742188e+02, 3.3963006591796875e+02,
       3.7568502807617188e+02, 3.3490390014648438e+02,
       4.0842678833007812e+02, 3.3040286254882812e+02,
       4.4072671508789062e+02, 3.2551376342773438e+02,
       2.1499493408203125e+02, 3.9033041381835938e+02,
       2.4853924560546875e+02, 3.8517443847656250e+02,
       2.8208053588867188e+02, 3.8028363037109375e+02,
       3.1537759399414062e+02, 3.7483752441406250e+02,
       3.4902191162109375e+02, 3.6954187011718750e+02,
       3.8296957397460938e+02, 3.6485995483398438e+02,
       4.1657711791992188e+02, 3.5998214721679688e+02,
       4.5002392578125000e+02, 3.5491769409179688e+02 ] }
   - { points:[ 6.2809528350830078e+01, 1.9650505065917969e+02,
       1.0893725585937500e+02, 1.8904814147949219e+02,
       1.5319223022460938e+02, 1.8169636535644531e+02,
       1.9635623168945312e+02, 1.7514715576171875e+02,
       2.3722454833984375e+02, 1.6867031860351562e+02,
       2.7710086059570312e+02, 1.6221687316894531e+02,
       3.1542599487304688e+02, 1.5586747741699219e+02,
       3.5253439331054688e+02, 1.5012501525878906e+02,
       7.0849586486816406e+01, 2.4059599304199219e+02,
       1.1722967529296875e+02, 2.3223631286621094e+02,
       1.6143481445312500e+02, 2.2444375610351562e+02,
       2.0439270019531250e+02, 2.1644297790527344e+02,
       2.4522068786621094e+02, 2.0868833923339844e+02,
       2.8507727050781250e+02, 2.0166265869140625e+02,
       3.2318127441406250e+02, 1.9520140075683594e+02,
       3.6055087280273438e+02, 1.8875773620605469e+02,
       7.9191352844238281e+01, 2.8509197998046875e+02,
       1.2542474365234375e+02, 2.7573043823242188e+02,
       1.6993966674804688e+02, 2.6688406372070312e+02,
       2.1249842834472656e+02, 2.5856777954101562e+02,
       2.5345135498046875e+02, 2.5013905334472656e+02,
       2.9329882812500000e+02, 2.4230274963378906e+02,
       3.3151211547851562e+02, 2.3485752868652344e+02,
       3.6838970947265625e+02, 2.2764479064941406e+02,
       8.7867492675781250e+01, 3.2955368041992188e+02,
       1.3418562316894531e+02, 3.1932144165039062e+02,
       1.7835295104980469e+02, 3.0956796264648438e+02,
       2.2093215942382812e+02, 3.0045950317382812e+02,
       2.6163064575195312e+02, 2.9128826904296875e+02,
       3.0148785400390625e+02, 2.8291244506835938e+02,
       3.3947106933593750e+02, 2.7444284057617188e+02,
       3.7670523071289062e+02, 2.6654937744140625e+02,
       9.6484558105468750e+01, 3.7432827758789062e+02,
       1.4245516967773438e+02, 3.6332470703125000e+02,
       1.8690278625488281e+02, 3.5246224975585938e+02,
       2.2901971435546875e+02, 3.4241473388671875e+02,
       2.7047509765625000e+02, 3.3292382812500000e+02,
       3.0927481079101562e+02, 3.2387597656250000e+02,
       3.4756649780273438e+02, 3.1459078979492188e+02,
       3.8481616210937500e+02, 3.0564700317382812e+02 ] }
   - { points:[ 3.3769750976562500e+02, 1.0803351593017578e+02,
       3.7382730102539062e+02, 1.1776655578613281e+02,
       4.1068997192382812e+02, 1.2777452850341797e+02,
       4.4884072875976562e+02, 1.3815109252929688e+02,
       4.8793786621093750e+02, 1.4889176940917969e+02,
       5.2834313964843750e+02, 1.5983566284179688e+02,
       5.7023663330078125e+02, 1.7150027465820312e+02,
       6.1316363525390625e+02, 1.8261091613769531e+02,
       3.2625613403320312e+02, 1.4358695983886719e+02,
       3.6210186767578125e+02, 1.5391340637207031e+02,
       3.9909472656250000e+02, 1.6424797058105469e+02,
       4.3679000854492188e+02, 1.7546943664550781e+02,
       4.7591336059570312e+02, 1.8668809509277344e+02,
       5.1661395263671875e+02, 1.9816825866699219e+02,
       5.5766278076171875e+02, 2.1019224548339844e+02,
       6.0026928710937500e+02, 2.2247425842285156e+02,
       3.1493014526367188e+02, 1.7950921630859375e+02,
       3.5037649536132812e+02, 1.8986053466796875e+02,
       3.8752124023437500e+02, 2.0124955749511719e+02,
       4.2513119506835938e+02, 2.1259976196289062e+02,
       4.6398800659179688e+02, 2.2437934875488281e+02,
       5.0376138305664062e+02, 2.3646243286132812e+02,
       5.4514001464843750e+02, 2.4884890747070312e+02,
       5.8765356445312500e+02, 2.6155657958984375e+02,
       3.0375152587890625e+02, 2.1489179992675781e+02,
       3.3922113037109375e+02, 2.2617579650878906e+02,
       3.7583282470703125e+02, 2.3801289367675781e+02,
       4.1332736206054688e+02, 2.4991865539550781e+02,
       4.5170507812500000e+02, 2.6203903198242188e+02,
       4.9158557128906250e+02, 2.7435000610351562e+02,
       5.3245483398437500e+02, 2.8753344726562500e+02,
       5.7448089599609375e+02, 3.0131912231445312e+02,
       2.9220571899414062e+02, 2.5074868774414062e+02,
       3.2805401611328125e+02, 2.6238079833984375e+02,
       3.6405371093750000e+02, 2.7440075683593750e+02,
       4.0137219238281250e+02, 2.8688693237304688e+02,
       4.3988549804687500e+02, 2.9968698120117188e+02,
       4.7929455566406250e+02, 3.1264071655273438e+02,
       5.2001531982421875e+02, 3.2628546142578125e+02,
       5.6154461669921875e+02, 3.3995303344726562e+02 ] }
   - { points:[ 2.4345007324218750e+02, 2.1043586730957031e+02,
       2.6738977050781250e+02, 2.1590147399902344e+02,
       2.9169992065429688e+02, 2.2166674804687500e+02,
       3.1644366455078125e+02, 2.2744676208496094e+02,
       3.4196914672851562e+02, 2.3338294982910156e+02,
       3.6720724487304688e+02, 2.3942312622070312e+02,
       3.9305249023437500e+02, 2.4541238403320312e+02,
       4.1944137573242188e+02, 2.5153817749023438e+02,
       2.3562406921386719e+02, 2.3288307189941406e+02,
       2.5970904541015625e+02, 2.3874237060546875e+02,
       2.8417803955078125e+02, 2.4457746887207031e+02,
       3.0953500366210938e+02, 2.5077682495117188e+02,
       3.3503921508789062e+02, 2.5683721923828125e+02,
       3.6087603759765625e+02, 2.6323358154296875e+02,
