%YAML:1.0
cameraMatrix: !!opencv-matrix
   rows: 3
   cols: 3
   dt: d
   data: [ 2.0935765183433764e+03, 0., 6.8783152285444339e+02, 0.,
       2.1035586524807641e+03, 4.8640525859292217e+02, 0., 0., 1. ]
imageSize_width: 1280
imageSize_height: 800
sensorSize_width: 0
sensorSize_height: 0
distCoeffs: !!opencv-matrix
   rows: 5
   cols: 1
   dt: d
   data: [ 6.2732102456936489e-01, -8.1398598259328256e+00,
       -2.4793806231859363e-02, 2.8269408009513317e-03,
       8.8229743116051580e+00 ]
totalReprojectionError: 3.0794337391853333e-01
features:
   - { points:[ 400., 250., 460., 250., 520., 250., 430., 280., 490.,
       280., 550., 280., 400., 310., 460., 310., 520., 310., 430., 340.,
       490., 340., 550., 340., 400., 370., 460., 370., 520., 370. ] }
   - { points:[ 400., 250., 460., 250., 520., 250., 430., 280., 490.,
       280., 550., 280., 400., 310., 460., 310., 520., 310., 430., 340.,
       490., 340., 550., 340., 400., 370., 460., 370., 520., 370. ] }
   - { points:[ 400., 250., 460., 250., 520., 250., 430., 280., 490.,
       280., 550., 280., 400., 310., 460., 310., 520., 310., 430., 340.,
       490., 340., 550., 340., 400., 370., 460., 370., 520., 370. ] }
   - { points:[ 400., 250., 460., 250., 520., 250., 430., 280., 490.,
       280., 550., 280., 400., 310., 460., 310., 520., 310., 430., 340.,
       490., 340., 550., 340., 400., 370., 460., 370., 520., 370. ] }
   - { points:[ 400., 250., 460., 250., 520., 250., 430., 280., 490.,
       280., 550., 280., 400., 310., 460., 310., 520., 310., 430., 340.,
       490., 340., 550., 340., 400., 370., 460., 370., 520., 370. ] }
   - { points:[ 400., 250., 460., 250., 520., 250., 430., 280., 490.,
       280., 550., 280., 400., 310., 460., 310., 520., 310., 430., 340.,
       490., 340., 550., 340., 400., 370., 460., 370., 520., 370. ] }
   - { points:[ 3.8963134765625000e+02, 5.5824169921875000e+02,
       4.3494018554687500e+02, 4.3602084350585938e+02,
       4.7742935180664062e+02, 3.1868527221679688e+02,
       4.7712310791015625e+02, 5.0948822021484375e+02,
       5.1966314697265625e+02, 3.8871267700195312e+02,
       5.5993847656250000e+02, 2.7232901000976562e+02,
       5.2069720458984375e+02, 5.8558752441406250e+02,
       5.6321887207031250e+02, 4.6095495605468750e+02,
       6.0346258544921875e+02, 3.4130493164062500e+02,
       6.0833093261718750e+02, 5.3574822998046875e+02,
       6.4845776367187500e+02, 4.1239300537109375e+02,
       6.8666046142578125e+02, 2.9360830688476562e+02,
       6.5517303466796875e+02, 6.1339483642578125e+02,
       6.9511096191406250e+02, 4.8595086669921875e+02,
       7.3310015869140625e+02, 3.6365530395507812e+02 ] }
   - { points:[ 3.8109292602539062e+02, 5.6922857666015625e+02,
       4.1966885375976562e+02, 4.5269412231445312e+02,
       4.5567694091796875e+02, 3.4180831909179688e+02,
       4.6526867675781250e+02, 5.2308959960937500e+02,
       5.0084274291992188e+02, 4.0887042236328125e+02,
       5.3423724365234375e+02, 2.9983905029296875e+02,
       5.1217059326171875e+02, 5.9569714355468750e+02,
       5.4723181152343750e+02, 4.7776608276367188e+02,
       5.8011865234375000e+02, 3.6558914184570312e+02,
       5.9502502441406250e+02, 5.4876586914062500e+02,
       6.2731652832031250e+02, 4.3309176635742188e+02,
       6.5782934570312500e+02, 3.2269589233398438e+02,
       6.4443756103515625e+02, 6.2219537353515625e+02,
       6.7602282714843750e+02, 5.0260476684570312e+02,
       7.0586914062500000e+02, 3.8889602661132812e+02 ] }
   - { points:[ 3.7241949462890625e+02, 5.2635510253906250e+02,
       4.0723034667968750e+02, 4.0879946899414062e+02,
       4.3987960815429688e+02, 2.9622189331054688e+02,
       4.5481787109375000e+02, 4.7920462036132812e+02,
       4.8700656127929688e+02, 3.6400662231445312e+02,
       5.1744952392578125e+02, 2.5319868469238281e+02,
       5.0328903198242188e+02, 5.5131201171875000e+02,
       5.3493829345703125e+02, 4.3303680419921875e+02,
       5.6491851806640625e+02, 3.1985443115234375e+02,
       5.8392315673828125e+02, 5.0368725585937500e+02,
       6.1332281494140625e+02, 3.8764871215820312e+02,
       6.4137908935546875e+02, 2.7615093994140625e+02,
       6.3432702636718750e+02, 5.7642993164062500e+02,
       6.6295227050781250e+02, 4.5697412109375000e+02,
       6.9034344482421875e+02, 3.4287341308593750e+02 ] }
   - { points:[ 3.7481979370117188e+02, 5.1947131347656250e+02,
       4.1128878784179688e+02, 4.1484371948242188e+02,
       4.4551333618164062e+02, 3.1509649658203125e+02,
       4.5299496459960938e+02, 4.8615539550781250e+02,
       4.8663073730468750e+02, 3.8419989013671875e+02,
       5.1840960693359375e+02, 2.8665847778320312e+02,
       4.9504269409179688e+02, 5.5849163818359375e+02,
       5.2802819824218750e+02, 4.5395031738281250e+02,
       5.5923767089843750e+02, 3.5439511108398438e+02,
       5.6990991210937500e+02, 5.2469964599609375e+02,
       6.0045477294921875e+02, 4.2271325683593750e+02,
       6.2951477050781250e+02, 3.2532498168945312e+02,
       6.1256353759765625e+02, 5.9683697509765625e+02,
       6.4230401611328125e+02, 4.9200466918945312e+02,
       6.7065423583984375e+02, 3.9235470581054688e+02 ] }
   - { points:[ 4.0983206176757812e+02, 5.1955078125000000e+02,
       4.4713635253906250e+02, 4.1231213378906250e+02,
       4.8187155151367188e+02, 3.1072875976562500e+02,
       4.9162579345703125e+02, 4.7578723144531250e+02,
       5.2584094238281250e+02, 3.7095443725585938e+02,
       5.5788934326171875e+02, 2.7114990234375000e+02,
       5.3754968261718750e+02, 5.4142980957031250e+02,
       5.7120068359375000e+02, 4.3295980834960938e+02,
       6.0263018798828125e+02, 3.3015036010742188e+02,
       6.1803491210937500e+02, 4.9695516967773438e+02,
       6.4879632568359375e+02, 3.9081719970703125e+02,
       6.7791796875000000e+02, 2.8961315917968750e+02,
       6.6663208007812500e+02, 5.6339782714843750e+02,
       6.9657501220703125e+02, 4.5334860229492188e+02,
       7.2497180175781250e+02, 3.4903042602539062e+02 ] }
