%YAML:1.0
Rotation_Vector: !!opencv-matrix
   rows: 3
   cols: 1
   dt: d
   data: [ -4.8320599148098291e-03, -2.1639900658879722e-02,
       4.3283648614254018e-03 ]
Rotation_Matrix: !!opencv-matrix
   rows: 3
   cols: 3
   dt: d
   data: [ 9.9975650033503460e-01, -4.2757162690387094e-03,
       -2.1648516998413227e-02, 4.3802771184094638e-03,
       9.9997895912220991e-01, 4.7848182021447382e-03,
       2.1627602969581425e-02, -4.8784796041712441e-03,
       9.9975419340282934e-01 ]
Translation_Vector: !!opencv-matrix
   rows: 3
   cols: 1
   dt: d
   data: [ -1.0752693215541003e+00, -9.8843146418242114e+00,
       4.7878126100743529e+01 ]
OpenGL_Mat:
   - { row:[ 9.9975651502609253e-01, 4.3802768923342228e-03,
       2.1627603098750114e-02, 0. ] }
   - { row:[ -4.2757163755595684e-03, 9.9997895956039429e-01,
       -4.8784795217216015e-03, 0. ] }
   - { row:[ -2.1648516878485680e-02, 4.7848182730376720e-03,
       9.9975419044494629e-01, 0. ] }
   - { row:[ -1.0752693414688110e+00, -9.8843145370483398e+00,
       4.7878124237060547e+01, 1. ] }
