%YAML:1.0
Rotation_Vector: !!opencv-matrix
   rows: 3
   cols: 1
   dt: d
   data: [ -1.7273167851154850e-01, 1.3378174646126975e-01,
       -1.0438870453476162e-02 ]
Rotation_Matrix: !!opencv-matrix
   rows: 3
   cols: 3
   dt: d
   data: [ 9.9103257503110798e-01, -1.1523489697593415e-03,
       1.3361552050216030e-01, -2.1864012868117601e-02,
       9.8508699770719921e-01, 1.7066215716883273e-01,
       -1.3181957429954821e-01, -1.7205312853903146e-01,
       9.7622810899472534e-01 ]
Translation_Vector: !!opencv-matrix
   rows: 3
   cols: 1
   dt: d
   data: [ -9.5698688296661292e+00, -1.6697333480715660e+01,
       2.0618427772347673e+01 ]
OpenGL_Mat:
   - { row:[ 9.9103260040283203e-01, -2.1864013746380806e-02,
       -1.3181957602500916e-01, 0. ] }
   - { row:[ -1.1523489374667406e-03, 9.8508697748184204e-01,
       -1.7205312848091125e-01, 0. ] }
   - { row:[ 1.3361552357673645e-01, 1.7066214978694916e-01,
       9.7622811794281006e-01, 0. ] }
   - { row:[ -9.5698690414428711e+00, -1.6697334289550781e+01,
       2.0618427276611328e+01, 1. ] }
