%YAML:1.0
cameraMatrix: !!opencv-matrix
   rows: 3
   cols: 3
   dt: d
   data: [ 8.2564443537624402e+02, 0., 3.3547374255059788e+02, 0.,
       8.2784221497543808e+02, 2.8219823736645026e+02, 0., 0., 1. ]
imageSize_width: 640
imageSize_height: 480
sensorSize_width: 0
sensorSize_height: 0
distCoeffs: !!opencv-matrix
   rows: 5
   cols: 1
   dt: d
   data: [ -2.1229711826871953e-01, 9.0656229078432723e-02,
       6.1015515374534691e-03, -4.7204816035589540e-03,
       3.3623730897090609e-01 ]
totalReprojectionError: 1.0482262074947357e-01
features:
   - { points:[ 2.7671435546875000e+02, 1.4029788208007812e+02,
       2.7298632812500000e+02, 1.7239004516601562e+02,
       2.6902362060546875e+02, 2.0545228576660156e+02,
       2.6507376098632812e+02, 2.3946432495117188e+02,
       2.6098654174804688e+02, 2.7426303100585938e+02,
       2.5679208374023438e+02, 3.0994345092773438e+02,
       2.5250700378417969e+02, 3.4637631225585938e+02,
       2.4830361938476562e+02, 3.8353576660156250e+02,
       2.4343003845214844e+02, 1.3269392395019531e+02,
       2.3908961486816406e+02, 1.6516641235351562e+02,
       2.3471691894531250e+02, 1.9834375000000000e+02,
       2.3019931030273438e+02, 2.3272656250000000e+02,
       2.2563145446777344e+02, 2.6790890502929688e+02,
       2.2104307556152344e+02, 3.0397680664062500e+02,
       2.1635449218750000e+02, 3.4077154541015625e+02,
       2.1155499267578125e+02, 3.7839608764648438e+02,
       2.0928343200683594e+02, 1.2505879974365234e+02,
       2.0443489074707031e+02, 1.5762837219238281e+02,
       1.9949729919433594e+02, 1.9138311767578125e+02,
       1.9445634460449219e+02, 2.2589079284667969e+02,
       1.8934150695800781e+02, 2.6143740844726562e+02,
       1.8427825927734375e+02, 2.9780133056640625e+02,
       1.7900891113281250e+02, 3.3505349731445312e+02,
       1.7391204833984375e+02, 3.7306298828125000e+02,
       1.7457769775390625e+02, 1.1722334289550781e+02,
       1.6906013488769531e+02, 1.5016795349121094e+02,
       1.6358006286621094e+02, 1.8399661254882812e+02,
       1.5795420837402344e+02, 2.1893096923828125e+02,
       1.5234420776367188e+02, 2.5467718505859375e+02,
       1.4668226623535156e+02, 2.9162225341796875e+02,
       1.4111566162109375e+02, 3.2904684448242188e+02,
       1.3546563720703125e+02, 3.6754666137695312e+02,
       1.3917462158203125e+02, 1.0934917449951172e+02,
       1.3321687316894531e+02, 1.4257189941406250e+02,
       1.2704129028320312e+02, 1.7668415832519531e+02,
       1.2091578674316406e+02, 2.1196678161621094e+02,
       1.1478439331054688e+02, 2.4805059814453125e+02,
       1.0855934906005859e+02, 2.8515551757812500e+02,
       1.0247454071044922e+02, 3.2301190185546875e+02,
       9.6394569396972656e+01, 3.6183346557617188e+02 ] }
   - { points:[ 3.6291177368164062e+02, 1.2156905364990234e+02,
       3.6158587646484375e+02, 1.4843812561035156e+02,
       3.6000909423828125e+02, 1.7720832824707031e+02,
       3.5832971191406250e+02, 2.0783853149414062e+02,
       3.5644210815429688e+02, 2.4068771362304688e+02,
       3.5436465454101562e+02, 2.7580853271484375e+02,
       3.5208889770507812e+02, 3.1341998291015625e+02,
       3.4953225708007812e+02, 3.5357138061523438e+02,
       3.2581466674804688e+02, 1.1254319763183594e+02,
       3.2327593994140625e+02, 1.3939176940917969e+02,
       3.2050381469726562e+02, 1.6805456542968750e+02,
       3.1750042724609375e+02, 1.9874647521972656e+02,
       3.1421151733398438e+02, 2.3151986694335938e+02,
       3.1068569946289062e+02, 2.6669961547851562e+02,
       3.0689694213867188e+02, 3.0431744384765625e+02,
       3.0291293334960938e+02, 3.4460848999023438e+02,
       2.8816729736328125e+02, 1.0347547912597656e+02,
       2.8431976318359375e+02, 1.3029307556152344e+02,
       2.8020318603515625e+02, 1.5889331054687500e+02,
       2.7576397705078125e+02, 1.8948020935058594e+02,
       2.7113757324218750e+02, 2.2225640869140625e+02,
       2.6617996215820312e+02, 2.5745056152343750e+02,
       2.6082073974609375e+02, 2.9504843139648438e+02,
       2.5521127319335938e+02, 3.3539855957031250e+02,
       2.5001203918457031e+02, 9.4414039611816406e+01,
       2.4485279846191406e+02, 1.2115927886962891e+02,
       2.3938858032226562e+02, 1.4973657226562500e+02,
       2.3362225341796875e+02, 1.8022352600097656e+02,
       2.2750590515136719e+02, 2.1290832519531250e+02,
       2.2085725402832031e+02, 2.4807774353027344e+02,
       2.1400622558593750e+02, 2.8570944213867188e+02,
       2.0682405090332031e+02, 3.2601257324218750e+02,
       2.1151249694824219e+02, 8.5520973205566406e+01,
       2.0504844665527344e+02, 1.1212780761718750e+02,
       1.9829177856445312e+02, 1.4049517822265625e+02,
       1.9104959106445312e+02, 1.7100129699707031e+02,
       1.8340441894531250e+02, 2.0360087585449219e+02,
       1.7533636474609375e+02, 2.3867875671386719e+02,
       1.6689768981933594e+02, 2.7629913330078125e+02,
       1.5786303710937500e+02, 3.1654507446289062e+02 ] }
   - { points:[ 2.8063796997070312e+02, 1.0052568054199219e+02,
       2.8378921508789062e+02, 1.3372390747070312e+02,
       2.8718569946289062e+02, 1.6949531555175781e+02,
       2.9073547363281250e+02, 2.0781866455078125e+02,
       2.9450637817382812e+02, 2.4917326354980469e+02,
       2.9858007812500000e+02, 2.9355880737304688e+02,
       3.0282763671875000e+02, 3.4128652954101562e+02,
       3.0747610473632812e+02, 3.9216452026367188e+02,
       2.3672900390625000e+02, 9.2570053100585938e+01,
       2.3831298828125000e+02, 1.2608495330810547e+02,
       2.4007371520996094e+02, 1.6217843627929688e+02,
       2.4192881774902344e+02, 2.0103007507324219e+02,
       2.4404119873046875e+02, 2.4292399597167969e+02,
       2.4630342102050781e+02, 2.8808584594726562e+02,
       2.4877041625976562e+02, 3.3656903076171875e+02,
       2.5155961608886719e+02, 3.8874053955078125e+02,
       1.9129603576660156e+02, 8.4485282897949219e+01,
       1.9120089721679688e+02, 1.1834341430664062e+02,
       1.9118640136718750e+02, 1.5484680175781250e+02,
       1.9132841491699219e+02, 1.9413230895996094e+02,
       1.9149235534667969e+02, 2.3651171875000000e+02,
       1.9181219482421875e+02, 2.8230758666992188e+02,
       1.9238276672363281e+02, 3.3163195800781250e+02,
       1.9306883239746094e+02, 3.8474844360351562e+02,
       1.4463218688964844e+02, 7.6464714050292969e+01,
       1.4288066101074219e+02, 1.1057625579833984e+02,
       1.4096440124511719e+02, 1.4747554016113281e+02,
       1.3914804077148438e+02, 1.8712426757812500e+02,
       1.3726309204101562e+02, 2.2998770141601562e+02,
       1.3543528747558594e+02, 2.7648336791992188e+02,
       1.3391723632812500e+02, 3.2650350952148438e+02,
       1.3245750427246094e+02, 3.8054293823242188e+02,
       9.6792259216308594e+01, 6.8434524536132812e+01,
       9.3232147216796875e+01, 1.0278693389892578e+02,
       8.9438148498535156e+01, 1.3988198852539062e+02,
       8.5608680725097656e+01, 1.7999438476562500e+02,
       8.1643096923828125e+01, 2.2345010375976562e+02,
       7.7652229309082031e+01, 2.7038412475585938e+02,
       7.3689888000488281e+01, 3.2117178344726562e+02,
       6.9740509033203125e+01, 3.7601153564453125e+02 ] }
   - { points:[ 4.6180496215820312e+02, 1.2993911743164062e+02,
       4.5749737548828125e+02, 1.5343301391601562e+02,
       4.5284353637695312e+02, 1.7819984436035156e+02,
       4.4798925781250000e+02, 2.0429283142089844e+02,
       4.4270382690429688e+02, 2.3178872680664062e+02,
       4.3722628784179688e+02, 2.6078689575195312e+02,
       4.3135214233398438e+02, 2.9139923095703125e+02,
       4.2515829467773438e+02, 3.2350762939453125e+02,
       4.2960708618164062e+02, 1.2672862243652344e+02,
       4.2452120971679688e+02, 1.5002919006347656e+02,
       4.1913217163085938e+02, 1.7459034729003906e+02,
       4.1339807128906250e+02, 2.0036788940429688e+02,
       4.0734945678710938e+02, 2.2763298034667969e+02,
       4.0098348999023438e+02, 2.5629534912109375e+02,
