%YAML:1.0
cameraMatrix: !!opencv-matrix
   rows: 3
   cols: 3
   dt: d
   data: [ 5.9957148864529627e+03, 0., 2.8869455045867635e+03, 0.,
       5.9647451141521778e+03, 2.9005238051336592e+03, 0., 0., 1. ]
imageSize_width: 4096
imageSize_height: 4096
sensorSize_width: 0
sensorSize_height: 0
distCoeffs: !!opencv-matrix
   rows: 5
   cols: 1
   dt: d
   data: [ 5.5239013907790235e-01, -2.1886266694481624e+00,
       4.5593216666168189e-02, 5.5229573859301467e-02,
       3.3205300524842376e+00 ]
totalReprojectionError: 4.0239915847778320e+00
features:
   - { points:[ 1000., 1000., 1400., 1000., 1800., 1000., 1200., 1200.,
       1600., 1200., 2000., 1200., 1000., 1400., 1400., 1400., 1800.,
       1400., 1200., 1600., 1600., 1600., 2000., 1600., 1000., 1800.,
       1400., 1800., 1800., 1800. ] }
   - { points:[ 1000., 1000., 1400., 1000., 1800., 1000., 1200., 1200.,
       1600., 1200., 2000., 1200., 1000., 1400., 1400., 1400., 1800.,
       1400., 1200., 1600., 1600., 1600., 2000., 1600., 1000., 1800.,
       1400., 1800., 1800., 1800. ] }
   - { points:[ 1000., 1000., 1400., 1000., 1800., 1000., 1200., 1200.,
       1600., 1200., 2000., 1200., 1000., 1400., 1400., 1400., 1800.,
       1400., 1200., 1600., 1600., 1600., 2000., 1600., 1000., 1800.,
       1400., 1800., 1800., 1800. ] }
   - { points:[ 1000., 1000., 1400., 1000., 1800., 1000., 1200., 1200.,
       1600., 1200., 2000., 1200., 1000., 1400., 1400., 1400., 1800.,
       1400., 1200., 1600., 1600., 1600., 2000., 1600., 1000., 1800.,
       1400., 1800., 1800., 1800. ] }
   - { points:[ 1000., 1000., 1400., 1000., 1800., 1000., 1200., 1200.,
       1600., 1200., 2000., 1200., 1000., 1400., 1400., 1400., 1800.,
       1400., 1200., 1600., 1600., 1600., 2000., 1600., 1000., 1800.,
       1400., 1800., 1800., 1800. ] }
   - { points:[ 1000., 1000., 1400., 1000., 1800., 1000., 1200., 1200.,
       1600., 1200., 2000., 1200., 1000., 1400., 1400., 1400., 1800.,
       1400., 1200., 1600., 1600., 1600., 2000., 1600., 1000., 1800.,
       1400., 1800., 1800., 1800. ] }
   - { points:[ 8.3269677734375000e+02, 1.1987642822265625e+03,
       1.2003282470703125e+03, 1.2308686523437500e+03,
       1.5641790771484375e+03, 1.2652510986328125e+03,
       9.9429370117187500e+02, 1.3634584960937500e+03,
       1.3667150878906250e+03, 1.3958883056640625e+03,
       1.7336500244140625e+03, 1.4301711425781250e+03,
       7.7973291015625000e+02, 1.5020162353515625e+03,
       1.1608909912109375e+03, 1.5315427246093750e+03,
       1.5377340087890625e+03, 1.5638723144531250e+03,
       9.4606524658203125e+02, 1.6739150390625000e+03,
       1.3327619628906250e+03, 1.7030134277343750e+03,
       1.7121127929687500e+03, 1.7340878906250000e+03,
       7.2181762695312500e+02, 1.8244124755859375e+03,
       1.1177563476562500e+03, 1.8496340332031250e+03,
       1.5087531738281250e+03, 1.8774393310546875e+03 ] }
   - { points:[ 8.6111761474609375e+02, 2.5581525878906250e+03,
       9.1355657958984375e+02, 1.9580843505859375e+03,
       9.8030303955078125e+02, 1.3361514892578125e+03,
       1.1962122802734375e+03, 2.2993437500000000e+03,
       1.2652510986328125e+03, 1.6823544921875000e+03,
       1.3305686035156250e+03, 1.0651878662109375e+03,
       1.4752829589843750e+03, 2.6278288574218750e+03,
       1.5443909912109375e+03, 2.0224177246093750e+03,
       1.6124483642578125e+03, 1.4100545654296875e+03,
       1.8161474609375000e+03, 2.3567985839843750e+03,
       1.8847139892578125e+03, 1.7466304931640625e+03,
       1.9459627685546875e+03, 1.1436588134765625e+03,
       2.0799636230468750e+03, 2.6751708984375000e+03,
       2.1504799804687500e+03, 2.0797578125000000e+03,
       2.2122763671875000e+03, 1.4786915283203125e+03 ] }
   - { points:[ 9.1428936767578125e+02, 2.2656762695312500e+03,
       9.2968566894531250e+02, 1.6433039550781250e+03,
       9.5028875732421875e+02, 1.0120516357421875e+03,
       1.2415249023437500e+03, 1.9667543945312500e+03,
       1.2620565185546875e+03, 1.3410976562500000e+03,
       1.2796492919921875e+03, 7.1981445312500000e+02,
       1.5467791748046875e+03, 2.2792287597656250e+03,
       1.5659205322265625e+03, 1.6622480468750000e+03,
       1.5836364746093750e+03, 1.0451589355468750e+03,
       1.8625811767578125e+03, 1.9758653564453125e+03,
       1.8789915771484375e+03, 1.3626807861328125e+03,
       1.8909265136718750e+03, 7.5821362304687500e+02,
       2.1522768554687500e+03, 2.2785261230468750e+03,
       2.1677067871093750e+03, 1.6743039550781250e+03,
       2.1784682617187500e+03, 1.0722789306640625e+03 ] }
   - { points:[ 1.6368504638671875e+03, 2.2740732421875000e+03,
       1.5056768798828125e+03, 1.7569190673828125e+03,
       1.3761484375000000e+03, 1.2553256835937500e+03,
       1.8064304199218750e+03, 1.9950042724609375e+03,
       1.6759654541015625e+03, 1.4943029785156250e+03,
       1.5454725341796875e+03, 1.0114371337890625e+03,
       2.0986599121093750e+03, 2.2258012695312500e+03,
       1.9672928466796875e+03, 1.7281486816406250e+03,
       1.8361256103515625e+03, 1.2472874755859375e+03,
       2.2500461425781250e+03, 1.9574822998046875e+03,
       2.1179274902343750e+03, 1.4767945556640625e+03,
       1.9854504394531250e+03, 1.0144538574218750e+03,
       2.5183723144531250e+03, 2.1774475097656250e+03,
       2.3904985351562500e+03, 1.7027421875000000e+03,
       2.2575454101562500e+03, 1.2413339843750000e+03 ] }
   - { points:[ 2.2632324218750000e+03, 2.4078605957031250e+03,
       2.1588249511718750e+03, 1.9704443359375000e+03,
       2.0607126464843750e+03, 1.5520867919921875e+03,
       2.4209951171875000e+03, 2.1744301757812500e+03,
       2.3167951660156250e+03, 1.7550642089843750e+03,
       2.2192558593750000e+03, 1.3515144042968750e+03,
       2.6826784667968750e+03, 2.3770441894531250e+03,
       2.5707089843750000e+03, 1.9546347656250000e+03,
       2.4673459472656250e+03, 1.5503807373046875e+03,
       2.8246540527343750e+03, 2.1521218261718750e+03,
       2.7139916992187500e+03, 1.7459263916015625e+03,
       2.6116970214843750e+03, 1.3551159667968750e+03,
       3.0812934570312500e+03, 2.3495786132812500e+03,
       2.9610874023437500e+03, 1.9390208740234375e+03,
       2.8518479003906250e+03, 1.5467744140625000e+03 ] }
