%YAML:1.0
Rotation_Vector: !!opencv-matrix
   rows: 3
   cols: 1
   dt: d
   data: [ 6.7937074253457505e-02, -1.4532245054454718e-01,
       1.7286374166110296e-04 ]
Rotation_Matrix: !!opencv-matrix
   rows: 3
   cols: 3
   dt: d
   data: [ 9.8946330287356954e-01, -5.0979372852926171e-03,
       -1.4469410251272136e-01, -4.7536907255693065e-03,
       9.9769720674821438e-01, -6.7658599389111715e-02,
       1.4470582120637832e-01, 6.7633532232509466e-02,
       9.8716053943963022e-01 ]
Translation_Vector: !!opencv-matrix
   rows: 3
   cols: 1
   dt: d
   data: [ 5.8356271792647112e+00, -6.0821695799283804e+00,
       -8.2545447546057940e+00 ]
OpenGL_Mat:
   - { row:[ 9.8946332931518555e-01, -4.7536906786262989e-03,
       1.4470581710338593e-01, 0. ] }
   - { row:[ -5.0979373045265675e-03, 9.9769723415374756e-01,
       6.7633531987667084e-02, 0. ] }
   - { row:[ -1.4469410479068756e-01, -6.7658595740795135e-02,
       9.8716056346893311e-01, 0. ] }
   - { row:[ 5.8356270790100098e+00, -6.0821695327758789e+00,
       -8.2545452117919922e+00, 1. ] }
