%YAML:1.0
cameraMatrix: !!opencv-matrix
   rows: 3
   cols: 3
   dt: d
   data: [ 9.1813416750083816e+03, 0., 2.2194714848347176e+03, 0.,
       9.3907344306197483e+03, 1.6629079688405109e+03, 0., 0., 1. ]
imageSize_width: 4096
imageSize_height: 4096
sensorSize_width: 0
sensorSize_height: 0
distCoeffs: !!opencv-matrix
   rows: 5
   cols: 1
   dt: d
   data: [ -2.9600642760855202e-02, 2.0085544704037915e+01,
       -3.1749098009518376e-02, -6.0654509968699380e-02,
       -1.1335117775712324e+03 ]
totalReprojectionError: 4.1542787551879883e+00
features:
   - { points:[ 1000., 1000., 1400., 1000., 1800., 1000., 1200., 1200.,
       1600., 1200., 2000., 1200., 1000., 1400., 1400., 1400., 1800.,
       1400., 1200., 1600., 1600., 1600., 2000., 1600., 1000., 1800.,
       1400., 1800., 1800., 1800. ] }
   - { points:[ 1000., 1000., 1400., 1000., 1800., 1000., 1200., 1200.,
       1600., 1200., 2000., 1200., 1000., 1400., 1400., 1400., 1800.,
       1400., 1200., 1600., 1600., 1600., 2000., 1600., 1000., 1800.,
       1400., 1800., 1800., 1800. ] }
   - { points:[ 1000., 1000., 1400., 1000., 1800., 1000., 1200., 1200.,
       1600., 1200., 2000., 1200., 1000., 1400., 1400., 1400., 1800.,
       1400., 1200., 1600., 1600., 1600., 2000., 1600., 1000., 1800.,
       1400., 1800., 1800., 1800. ] }
   - { points:[ 1000., 1000., 1400., 1000., 1800., 1000., 1200., 1200.,
       1600., 1200., 2000., 1200., 1000., 1400., 1400., 1400., 1800.,
       1400., 1200., 1600., 1600., 1600., 2000., 1600., 1000., 1800.,
       1400., 1800., 1800., 1800. ] }
   - { points:[ 1000., 1000., 1400., 1000., 1800., 1000., 1200., 1200.,
       1600., 1200., 2000., 1200., 1000., 1400., 1400., 1400., 1800.,
       1400., 1200., 1600., 1600., 1600., 2000., 1600., 1000., 1800.,
       1400., 1800., 1800., 1800. ] }
   - { points:[ 1000., 1000., 1400., 1000., 1800., 1000., 1200., 1200.,
       1600., 1200., 2000., 1200., 1000., 1400., 1400., 1400., 1800.,
       1400., 1200., 1600., 1600., 1600., 2000., 1600., 1000., 1800.,
       1400., 1800., 1800., 1800. ] }
   - { points:[ 1.2456981201171875e+03, 2.5170861816406250e+03,
       1.2866854248046875e+03, 2.0049755859375000e+03,
       1.3172178955078125e+03, 1.5154385986328125e+03,
       1.4554124755859375e+03, 2.2673652343750000e+03,
       1.4888432617187500e+03, 1.7642703857421875e+03,
       1.5148692626953125e+03, 1.2693480224609375e+03,
       1.6296873779296875e+03, 2.5495222167968750e+03,
       1.6640556640625000e+03, 2.0220135498046875e+03,
       1.6919547119140625e+03, 1.5198464355468750e+03,
       1.8452125244140625e+03, 2.2954196777343750e+03,
       1.8734426269531250e+03, 1.7769332275390625e+03,
       1.9014019775390625e+03, 1.2642813720703125e+03,
       2.0389053955078125e+03, 2.5957849121093750e+03,
       2.0622678222656250e+03, 2.0454382324218750e+03,
       2.0899172363281250e+03, 1.5238803710937500e+03 ] }
   - { points:[ 3.0299226074218750e+03, 2.5699040527343750e+03,
       2.6044362792968750e+03, 2.5850048828125000e+03,
       2.1646237792968750e+03, 2.5940930175781250e+03,
       2.8188796386718750e+03, 2.3588090820312500e+03,
       2.3866022949218750e+03, 2.3664399414062500e+03,
       1.9441549072265625e+03, 2.3722807617187500e+03,
       3.0278937988281250e+03, 2.1354321289062500e+03,
       2.6022849121093750e+03, 2.1429836425781250e+03,
       2.1681674804687500e+03, 2.1474667968750000e+03,
       2.8132604980468750e+03, 1.9225286865234375e+03,
       2.3852714843750000e+03, 1.9269401855468750e+03,
       1.9488218994140625e+03, 1.9285644531250000e+03,
       3.0198513183593750e+03, 1.7037858886718750e+03,
       2.5974541015625000e+03, 1.7089604492187500e+03,
       2.1679567871093750e+03, 1.7105410156250000e+03 ] }
   - { points:[ 2.9801674804687500e+03, 1.2920533447265625e+03,
       2.8373559570312500e+03, 1.7467834472656250e+03,
       2.6947592773437500e+03, 2.1932043457031250e+03,
       2.6983930664062500e+03, 1.4572825927734375e+03,
       2.5581223144531250e+03, 1.9044146728515625e+03,
       2.4164724121093750e+03, 2.3452802734375000e+03,
       2.5595756835937500e+03, 1.1678217773437500e+03,
       2.4215998535156250e+03, 1.6168784179687500e+03,
       2.2823999023437500e+03, 2.0579797363281250e+03,
       2.2848151855468750e+03, 1.3298203125000000e+03,
       2.1481035156250000e+03, 1.7720125732421875e+03,
       2.0091234130859375e+03, 2.2080495605468750e+03,
       2.1474533691406250e+03, 1.0420458984375000e+03,
       2.0133505859375000e+03, 1.4867769775390625e+03,
       1.8769730224609375e+03, 1.9234418945312500e+03 ] }
   - { points:[ 1.8663803710937500e+03, 1.3739472656250000e+03,
       1.7877868652343750e+03, 1.7281927490234375e+03,
       1.7088228759765625e+03, 2.0777778320312500e+03,
       1.6569516601562500e+03, 1.5093359375000000e+03,
       1.5783109130859375e+03, 1.8613554687500000e+03,
       1.4969028320312500e+03, 2.2105961914062500e+03,
       1.5244914550781250e+03, 1.2890131835937500e+03,
       1.4463535156250000e+03, 1.6431718750000000e+03,
       1.3657730712890625e+03, 1.9942921142578125e+03,
       1.3120833740234375e+03, 1.4229660644531250e+03,
       1.2326602783203125e+03, 1.7762802734375000e+03,
       1.1522583007812500e+03, 2.1264738769531250e+03,
       1.1757634277343750e+03, 1.2003200683593750e+03,
       1.0980590820312500e+03, 1.5561849365234375e+03,
       1.0206904296875000e+03, 1.9081317138671875e+03 ] }
   - { points:[ 3.1616164550781250e+03, 1.3188231201171875e+03,
       3.0877165527343750e+03, 1.7063519287109375e+03,
       3.0108740234375000e+03, 2.0900056152343750e+03,
       2.9946992187500000e+03, 1.4864822998046875e+03,
       2.9178894042968750e+03, 1.8795347900390625e+03,
       2.8387834472656250e+03, 2.2670180664062500e+03,
       2.8964699707031250e+03, 1.2573540039062500e+03,
       2.8207963867187500e+03, 1.6599458007812500e+03,
       2.7410395507812500e+03, 2.0572534179687500e+03,
       2.7180197753906250e+03, 1.4299328613281250e+03,
       2.6388808593750000e+03, 1.8387055664062500e+03,
       2.5575764160156250e+03, 2.2388796386718750e+03,
       2.6091655273437500e+03, 1.1903906250000000e+03,
       2.5308476562500000e+03, 1.6089696044921875e+03,
       2.4497316894531250e+03, 2.0213216552734375e+03 ] }
   - { points:[ 2.4173894042968750e+03, 7.4643579101562500e+02,
       2.3136572265625000e+03, 1.2111518554687500e+03,
       2.2067167968750000e+03, 1.6746353759765625e+03,
       2.1507832031250000e+03, 9.3478680419921875e+02,
       2.0457231445312500e+03, 1.3973900146484375e+03,
       1.9377109375000000e+03, 1.8573758544921875e+03,
       1.9883004150390625e+03, 6.6169995117187500e+02,
       1.8847972412109375e+03, 1.1212770996093750e+03,
       1.7786695556640625e+03, 1.5804643554687500e+03,
       1.7242659912109375e+03, 8.4722808837890625e+02,
       1.6195594482421875e+03, 1.3047871093750000e+03,
       1.5118634033203125e+03, 1.7608765869140625e+03,
       1.5663447265625000e+03, 5.8010980224609375e+02,
       1.4609716796875000e+03, 1.0309179687500000e+03,
       1.3547150878906250e+03, 1.4855437011718750e+03 ] }
   - { points:[ 3.3814997558593750e+03, 8.2935546875000000e+02,
       3.2880964355468750e+03, 1.3117980957031250e+03,
       3.1892087402343750e+03, 1.7980123291015625e+03,
       3.1281972656250000e+03, 9.9926684570312500e+02,
       3.0293281250000000e+03, 1.4896943359375000e+03,
       2.9265620117187500e+03, 1.9830955810546875e+03,
       2.9642934570312500e+03, 6.7912884521484375e+02,
       2.8650273437500000e+03, 1.1739494628906250e+03,
       2.7630656738281250e+03, 1.6722333984375000e+03,
       2.6954782714843750e+03, 8.5134478759765625e+02,
       2.5934296875000000e+03, 1.3522348632812500e+03,
       2.4852766113281250e+03, 1.8601311035156250e+03,
       2.5216672363281250e+03, 5.2048382568359375e+02,
       2.4178090820312500e+03, 1.0258200683593750e+03,
       2.3094047851562500e+03, 1.5366579589843750e+03 ] }
   - { points:[ 3.2211643066406250e+03, 9.1850946044921875e+02,
