%YAML:1.0
cameraMatrix: !!opencv-matrix
   rows: 3
   cols: 3
   dt: d
   data: [ 8.2707800741698827e+02, 0., 3.4934578668457630e+02, 0.,
       8.3032741721394643e+02, 2.7096158019294938e+02, 0., 0., 1. ]
imageSize_width: 640
imageSize_height: 480
sensorSize_width: 0
sensorSize_height: 0
distCoeffs: !!opencv-matrix
   rows: 5
   cols: 1
   dt: d
   data: [ -2.2434795839972413e-01, 5.4807782470901700e-01,
       4.2743461071762835e-03, -8.9895310504901004e-04,
       -1.8687549433605930e+00 ]
totalReprojectionError: 1.0396936535835266e-01
features:
   - { points:[ 3.7057647705078125e+02, 1.4284292602539062e+02,
       3.6293099975585938e+02, 1.6406942749023438e+02,
       3.5511267089843750e+02, 1.8587242126464844e+02,
       3.4704696655273438e+02, 2.0832679748535156e+02,
       3.3873410034179688e+02, 2.3127275085449219e+02,
       3.3020471191406250e+02, 2.5489279174804688e+02,
       3.2130404663085938e+02, 2.7915158081054688e+02,
       3.1237463378906250e+02, 3.0399072265625000e+02,
       3.4730593872070312e+02, 1.3245172119140625e+02,
       3.3935678100585938e+02, 1.5361294555664062e+02,
       3.3117651367187500e+02, 1.7537577819824219e+02,
       3.2272882080078125e+02, 1.9768850708007812e+02,
       3.1413317871093750e+02, 2.2064508056640625e+02,
       3.0521228027343750e+02, 2.4440058898925781e+02,
       2.9607800292968750e+02, 2.6854339599609375e+02,
       2.8669531250000000e+02, 2.9332275390625000e+02,
       3.2383596801757812e+02, 1.2198648834228516e+02,
       3.1551123046875000e+02, 1.4306449890136719e+02,
       3.0699249267578125e+02, 1.6474475097656250e+02,
       2.9826971435546875e+02, 1.8712316894531250e+02,
       2.8919271850585938e+02, 2.1003205871582031e+02,
       2.7989147949218750e+02, 2.3360215759277344e+02,
       2.7050949096679688e+02, 2.5772244262695312e+02,
       2.6083602905273438e+02, 2.8260989379882812e+02,
       3.0028143310546875e+02, 1.1152077484130859e+02,
       2.9153506469726562e+02, 1.3252738952636719e+02,
       2.8270114135742188e+02, 1.5420082092285156e+02,
       2.7343566894531250e+02, 1.7643832397460938e+02,
       2.6419024658203125e+02, 1.9936592102050781e+02,
       2.5456657409667969e+02, 2.2286804199218750e+02,
       2.4474607849121094e+02, 2.4706692504882812e+02,
       2.3473962402343750e+02, 2.7176281738281250e+02,
       2.7659008789062500e+02, 1.0103659057617188e+02,
       2.6751870727539062e+02, 1.2207801055908203e+02,
       2.5824932861328125e+02, 1.4363117980957031e+02,
       2.4872810363769531e+02, 1.6580741882324219e+02,
       2.3902742004394531e+02, 1.8863276672363281e+02,
       2.2909178161621094e+02, 2.1219548034667969e+02,
       2.1888208007812500e+02, 2.3626882934570312e+02,
       2.0858323669433594e+02, 2.6087899780273438e+02 ] }
   - { points:[ 3.7027465820312500e+02, 1.1078991699218750e+02,
       3.5354333496093750e+02, 1.4257832336425781e+02,
       3.3640740966796875e+02, 1.7534359741210938e+02,
       3.1880590820312500e+02, 2.0903532409667969e+02,
       3.0076278686523438e+02, 2.4361659240722656e+02,
       2.8254348754882812e+02, 2.7913525390625000e+02,
       2.6388165283203125e+02, 3.1507015991210938e+02,
       2.4501661682128906e+02, 3.5195178222656250e+02,
       3.3589352416992188e+02, 9.6952926635742188e+01,
       3.1899215698242188e+02, 1.2833688354492188e+02,
       3.0159747314453125e+02, 1.6059794616699219e+02,
       2.8371713256835938e+02, 1.9374496459960938e+02,
       2.6554858398437500e+02, 2.2781927490234375e+02,
       2.4711691284179688e+02, 2.6270080566406250e+02,
       2.2841477966308594e+02, 2.9827471923828125e+02,
       2.0936994934082031e+02, 3.3443820190429688e+02,
       3.0233703613281250e+02, 8.3446319580078125e+01,
       2.8512966918945312e+02, 1.1441854858398438e+02,
       2.6745361328125000e+02, 1.4619570922851562e+02,
       2.4934443664550781e+02, 1.7878613281250000e+02,
       2.3097572326660156e+02, 2.1229025268554688e+02,
       2.1241778564453125e+02, 2.4663668823242188e+02,
       1.9354196166992188e+02, 2.8166302490234375e+02,
       1.7455102539062500e+02, 3.1736279296875000e+02,
       2.6943649291992188e+02, 7.0546531677246094e+01,
       2.5201031494140625e+02, 1.0078659057617188e+02,
       2.3405268859863281e+02, 1.3227432250976562e+02,
       2.1581776428222656e+02, 1.6432290649414062e+02,
       1.9740043640136719e+02, 1.9730198669433594e+02,
       1.7861314392089844e+02, 2.3103396606445312e+02,
       1.5980059814453125e+02, 2.6551535034179688e+02,
       1.4069746398925781e+02, 3.0065280151367188e+02,
       2.3738865661621094e+02, 5.7835613250732422e+01,
       2.1966857910156250e+02, 8.7839042663574219e+01,
       2.0166360473632812e+02, 1.1863889312744141e+02,
       1.8341369628906250e+02, 1.5031066894531250e+02,
       1.6475314331054688e+02, 1.8269841003417969e+02,
       1.4596772766113281e+02, 2.1599346923828125e+02,
       1.2700660705566406e+02, 2.4982008361816406e+02,
       1.0779554748535156e+02, 2.8434667968750000e+02 ] }
   - { points:[ 4.7943884277343750e+02, 1.5514570617675781e+02,
       4.7350479125976562e+02, 1.7932051086425781e+02,
       4.6737426757812500e+02, 2.0390266418457031e+02,
       4.6109896850585938e+02, 2.2898806762695312e+02,
       4.5454678344726562e+02, 2.5443527221679688e+02,
       4.4786419677734375e+02, 2.8025119018554688e+02,
       4.4105114746093750e+02, 3.0634411621093750e+02,
       4.3414779663085938e+02, 3.3272802734375000e+02,
       4.5616567993164062e+02, 1.4610467529296875e+02,
       4.4990673828125000e+02, 1.7036239624023438e+02,
       4.4351382446289062e+02, 1.9507629394531250e+02,
       4.3701754760742188e+02, 2.2026278686523438e+02,
       4.3031683349609375e+02, 2.4578681945800781e+02,
       4.2340371704101562e+02, 2.7172485351562500e+02,
       4.1636843872070312e+02, 2.9804516601562500e+02,
       4.0906008911132812e+02, 3.2468252563476562e+02,
       4.3240441894531250e+02, 1.3681428527832031e+02,
       4.2587377929687500e+02, 1.6126538085937500e+02,
       4.1923419189453125e+02, 1.8614036560058594e+02,
       4.1250015258789062e+02, 2.1140068054199219e+02,
       4.0538589477539062e+02, 2.3702032470703125e+02,
       3.9836367797851562e+02, 2.6316159057617188e+02,
       3.9100512695312500e+02, 2.8959585571289062e+02,
       3.8356869506835938e+02, 3.1652044677734375e+02,
       4.0822106933593750e+02, 1.2756022644042969e+02,
       4.0142916870117188e+02, 1.5208564758300781e+02,
       3.9452902221679688e+02, 1.7698974609375000e+02,
       3.8738940429687500e+02, 2.0244248962402344e+02,
       3.8020501708984375e+02, 2.2824839782714844e+02,
       3.7275479125976562e+02, 2.5449374389648438e+02,
       3.6529910278320312e+02, 2.8111407470703125e+02,
       3.5768591308593750e+02, 3.0815307617187500e+02,
       3.8358489990234375e+02, 1.1820381164550781e+02,
       3.7663940429687500e+02, 1.4277687072753906e+02,
       3.6938653564453125e+02, 1.6786297607421875e+02,
       3.6210708618164062e+02, 1.9334466552734375e+02,
       3.5462536621093750e+02, 2.1934237670898438e+02,
       3.4694757080078125e+02, 2.4572570800781250e+02,
       3.3920944213867188e+02, 2.7251803588867188e+02,
       3.3136639404296875e+02, 2.9953411865234375e+02 ] }
   - { points:[ 3.1432080078125000e+02, 1.4332342529296875e+02,
       3.0293557739257812e+02, 1.7165650939941406e+02,
       2.9118399047851562e+02, 2.0081637573242188e+02,
       2.7919531250000000e+02, 2.3074644470214844e+02,
       2.6687997436523438e+02, 2.6132403564453125e+02,
       2.5440472412109375e+02, 2.9256524658203125e+02,
       2.4160586547851562e+02, 3.2439324951171875e+02,
       2.2868371582031250e+02, 3.5671313476562500e+02,
       2.8552600097656250e+02, 1.2882579040527344e+02,
       2.7360510253906250e+02, 1.5727967834472656e+02,
       2.6147866821289062e+02, 1.8656192016601562e+02,
       2.4897360229492188e+02, 2.1653796386718750e+02,
       2.3631610107421875e+02, 2.4725146484375000e+02,
       2.2330215454101562e+02, 2.7866687011718750e+02,
