%YAML:1.0
Rotation_Vector: !!opencv-matrix
   rows: 3
   cols: 1
   dt: d
   data: [ -1.0565811561029957e-01, 3.3391985251305337e-02,
       6.6217811326382426e-03 ]
Rotation_Matrix: !!opencv-matrix
   rows: 3
   cols: 3
   dt: d
   data: [ 9.9942115843262691e-01, -8.3704464001430005e-03,
       3.2973985264878353e-02, 4.8459336300034263e-03,
       9.9440200929504752e-01, 1.0555169746255079e-01,
       -3.3672912027914711e-02, -1.0533081000844237e-01,
       9.9386697070509677e-01 ]
Translation_Vector: !!opencv-matrix
   rows: 3
   cols: 1
   dt: d
   data: [ 6.5669334928106016e-01, -6.1689845128614049e+00,
       3.7981321828735709e+01 ]
OpenGL_Mat:
   - { row:[ 9.9942117929458618e-01, 4.8459335230290890e-03,
       -3.3672910183668137e-02, 0. ] }
   - { row:[ -8.3704460412263870e-03, 9.9440199136734009e-01,
       -1.0533080995082855e-01, 0. ] }
   - { row:[ 3.2973986119031906e-02, 1.0555169731378555e-01,
       9.9386698007583618e-01, 0. ] }
   - { row:[ 6.5669333934783936e-01, -6.1689844131469727e+00,
       3.7981323242187500e+01, 1. ] }
